%光伏形状系数
Pw=[0;0;0;0;0;0.00241460123570769;0.133868333214971;0.418578225978269;0.652155386691286;0.832611320218734;0.949790497833961;1;0.993963496910731;0.949790497833961;0.844613308713870;0.591009161281159;0.258504367587529;0.0985725445635963;0.0131382714295860;0;0;0;0;0];
%基础负荷形状系数
PL=[0.466666666700000;0.500000000000000;0.566666666700000;0.633333333300000;0.666666666700000;0.733333333300000;0.766666666700000;0.800000000000000;0.866666666700000;0.933333333300000;0.966666666700000;1;0.933333333300000;0.866666666700000;0.800000000000000;0.700000000000000;0.666666666700000;0.733333333300000;0.800000000000000;0.933333333300000;0.866666666700000;0.733333333300000;0.600000000000000;0.533333333300000];